   2.00000000       11000.1162       11000.1670    
   4.00000000       9890.98438       9900.04883    
   6.00000000       8871.01758       8799.93066    
   8.00000000       7946.12012       7999.66113    
   10.0000000       7083.69238       7100.11719    
   12.0000000       6301.28271       6299.84717    
   14.0000000       5582.78809       5599.86377    
   16.0000000       4921.84180       4899.88086    
   18.0000000       4331.85449       4300.18506    
   20.0000000       3808.93555       3800.77588    
   22.0000000       3343.16626       3399.62793    
   24.0000000       2915.81250       2900.21899    
   26.0000000       2540.32007       2500.08398    
   28.0000000       2208.01831       2199.22290    
   30.0000000       1907.90369       1950.32886    
   32.0000000       1631.70154       1630.01831    
   34.0000000       1394.50232       1389.93726    
   36.0000000       1183.12561       1180.04370    
   38.0000000       996.713318       999.932312    
   40.0000000       832.485718       830.052185    
   41.0000000       361.475800       344.926514    
   42.0000000       329.929626       345.027802    
   43.0000000       297.229065       279.993195    
   44.0000000       270.574341       280.094513    
   44.5000000       124.708344       114.975502    
   45.0000000       118.990242       114.975502    
   45.5000000       113.185425       114.975502    
   46.0000000       107.291718       114.975502    
   46.5000000       101.339645       92.4869003    
   47.0000000       96.6661148       92.4869003    
   47.2000008       37.3553619       36.9744987    
   47.4000015       36.5760078       37.0758018    
   47.5999985       35.7880516       36.9744987    
   47.7999992       34.9984894       37.0758018    
   48.0000000       34.2000961       36.9744987    
   48.2000008       33.4168129       30.9978008    
   48.4000015       32.7945290       30.9978008    
   48.5000000       16.1665745       15.4989004    
   48.5999985       16.0078392       15.4989004    
   48.7000008       15.8489313       15.4989004    
   48.7999992       15.6881342       15.4989004    
   48.9000015       15.5277309       15.4989004    
   49.0000000       15.3654528       15.4989004    
   49.5000000       74.4332123       77.4944992    
   50.0000000       70.3802643       77.4944992    
   51.0000000       128.942383       119.503609    
   52.0000000       116.670738       119.513741    
   53.0000000       104.026497       97.9976196    
   54.0000000       93.8097382       98.0077515    
   55.0000000       83.0369873       77.4944992    
   56.0000000       74.5878448       77.5046310    
   56.5000000       33.7495575       30.4913006    
   57.0000000       31.8610363       30.5014305    
   57.0999985       6.14469862       6.09825993    
   57.5000000       23.7752972       24.4031696    
   58.0000000       27.9151249       30.5014305    
   58.5000000       25.7853241       22.7519798    
   59.0000000       24.1741524       22.7418499    
   59.5000000       22.5320396       22.7519798    
   60.0000000       20.8563938       22.7519798    
   60.5000000       19.1470394       16.9981403    
   61.0000000       17.8932076       17.0082703    
   61.5000000       16.6127720       16.9981403    
   62.0000000       15.3066683       16.9981403    
   62.5000000       13.9532614       12.2471704    
   63.0000000       12.9772272       12.2573004    
   63.5000000       11.9852066       12.2471704    
   64.0000000       10.9786530       12.2471704    
   64.5000000       9.95629787       8.49907017    
   65.0000000       9.25969219       8.50210857    
   65.5000000       8.55170536       8.50008297    
   66.0000000       7.83252859       8.50008297    
   66.5000000       7.06948853       6.04963589    
   67.0000000       6.50020599       6.05064917    
   67.5000000       5.93197393       6.04963589    
   68.0000000       5.36497736       6.05064917    
   68.5000000       4.81109715       4.15026093    
   69.0000000       4.44351578       4.15026093    
   69.5000000       4.07294798       4.14924812    
   70.0000000       3.69945598       4.15026093    
   71.0000000       6.35047531       5.70015097    
   72.0000000       5.37449551       5.69913816    
   73.0000000       4.37928915       3.94968700    
   74.0000000       3.68922305       3.95070004    
   75.0000000       2.98799539       2.69964504    
   75.5000000       1.31752205       1.35032904    
   76.0000000       1.19047105       1.35032904    
   77.0000000       2.02242494       1.79493475    
   78.0000000       1.69788778       1.79483342    
   79.0000000       1.36797655       1.22005725    
   80.0000000       1.14604199       1.21995592    
   82.0000000       1.66098917       1.62991703    
   84.0000000       1.09652185       1.08006060    
   86.0000000      0.705557942      0.689954281    
   88.0000000      0.441150039      0.433037251    
   90.0000000      0.267879546      0.262995064    
   92.0000000      0.159766957      0.156994745    
   94.0000000       9.37589556E-02   9.20006633E-02
   96.0000000       5.42567112E-02   5.31044975E-02
   98.0000000       3.11359502E-02   3.04001309E-02
   100.000000       1.76483039E-02   1.73000135E-02
   102.000000       1.02451527E-02   9.86965932E-03
   104.000000       6.20551920E-03   5.84987225E-03
   106.000000       3.75808706E-03   3.69501882E-03
   108.000000       2.17122817E-03   2.08505779E-03
   110.000000       1.25504297E-03   1.23494829E-03
   112.000000       6.98001240E-04   6.69998175E-04
   116.000000       5.93235425E-04   5.80003252E-04
   120.000000       1.66999263E-04   1.63298639E-04
   124.000000       4.04405910E-05   3.94006347E-05
   128.000000       9.32292460E-06   8.99989755E-06
   132.000000       2.42860801E-06   2.30895125E-06
   136.000000       7.15674901E-07   6.61002787E-07
   140.000000       2.36288614E-07   2.03997942E-07
   144.000000       9.11478537E-08   6.94968634E-08
   148.000000       4.17973460E-08   2.81998940E-08
