  3.877241750605190E-002  7.750594797842461E-002
  0.116084070675314       7.703981816420448E-002
  0.192697580702068       7.611036189975533E-002
  0.268152185007254       7.472316905796833E-002
  0.341994090825758       7.288658239580402E-002
  0.413779204371605       7.061164739128686E-002
  0.483075801686179       6.791204581523400E-002
  0.549467125095128       6.480401345660119E-002
  0.612553889667980       6.130624249292922E-002
  0.671956684614180       5.743976909939139E-002
  0.727318255189927       5.322784698393539E-002
  0.778305651426522       4.869580763505355E-002
  0.824612230833336       4.387090818544970E-002
  0.865959503212567       3.878216797108156E-002
  0.902098806968874       3.346019528254901E-002
  0.932812808278677       2.793700698002364E-002
  0.957916819213796       2.224584919407941E-002
  0.977259949983777       1.642105838182194E-002
  0.990726238699457       1.049828453115464E-002
  0.998237709710559       4.521277098528251E-003
