  7.852017577214481E-004  1.570403192702985E-003
  2.355603336725398E-003  1.570399319825905E-003
  3.925999106417298E-003  1.570391574081267E-003
  5.496385193938362E-003  1.570379955488215E-003
  7.066757726453688E-003  1.570364464075378E-003
  8.637112831161798E-003  1.570345099880961E-003
  1.020744663530420E-002  1.570321862952714E-003
  1.177775526617492E-002  1.570294753347958E-003
  1.334803485113008E-002  1.570263771133541E-003
  1.491828151759744E-002  1.570228916385871E-003
  1.648849139308591E-002  1.570190189190912E-003
  1.805866060519516E-002  1.570147589644177E-003
  1.962878528162515E-002  1.570101117850694E-003
  2.119886155018564E-002  1.570050773925116E-003
  2.276888553880580E-002  1.569996557991539E-003
  2.433885337554372E-002  1.569938470183732E-003
  2.590876118859598E-002  1.569876510644904E-003
  2.747860510630716E-002  1.569810679527891E-003
  2.904838125717946E-002  1.569740976995009E-003
  3.061808576988217E-002  1.569667403218196E-003
  3.218771477326127E-002  1.569589958378872E-003
  3.375726439634893E-002  1.569508642668033E-003
  3.532673076837313E-002  1.569423456286211E-003
  3.689611001876713E-002  1.569334399443508E-003
  3.846539827717905E-002  1.569241472359540E-003
  4.003459167348142E-002  1.569144675263492E-003
  4.160368633778071E-002  1.569044008394062E-003
  4.317267840042688E-002  1.568939471999529E-003
  4.474156399202293E-002  1.568831066337689E-003
  4.631033924343442E-002  1.568718791675895E-003
  4.787900028579905E-002  1.568602648291038E-003
  4.944754325053615E-002  1.568482636469538E-003
  5.101596426935627E-002  1.568358756507371E-003
  5.258425947427070E-002  1.568231008710037E-003
  5.415242499760099E-002  1.568099393392617E-003
  5.572045697198853E-002  1.567963910879632E-003
  5.728835153040405E-002  1.567824561505267E-003
  5.885610480615717E-002  1.567681345613154E-003
  6.042371293290594E-002  1.567534263556473E-003
  6.199117204466636E-002  1.567383315698027E-003
  6.355847827582196E-002  1.567228502409981E-003
  6.512562776113326E-002  1.567069824074179E-003
  6.669261663574737E-002  1.566907281081966E-003
  6.825944103520747E-002  1.566740873834146E-003
  6.982609709546238E-002  1.566570602741162E-003
  7.139258095287607E-002  1.566396468222900E-003
  7.295888874423717E-002  1.566218470708833E-003
  7.452501660676857E-002  1.566036610637914E-003
  7.609096067813681E-002  1.565850888458636E-003
  7.765671709646180E-002  1.565661304629013E-003
  7.922228200032612E-002  1.565467859616643E-003
  8.078765152878474E-002  1.565270553898553E-003
  8.235282182137443E-002  1.565069387961309E-003
  8.391778901812331E-002  1.564864362301070E-003
  8.548254925956036E-002  1.564655477423442E-003
  8.704709868672494E-002  1.564442733843582E-003
  8.861143344117636E-002  1.564226132086136E-003
  9.017554966500328E-002  1.564005672685274E-003
  9.173944350083335E-002  1.563781356184739E-003
  9.330311109184264E-002  1.563553183137644E-003
  9.486654858176519E-002  1.563321154106782E-003
  9.642975211490247E-002  1.563085269664344E-003
  9.799271783613298E-002  1.562845530392072E-003
  9.955544189092169E-002  1.562601936881189E-003
  0.101117920425330       1.562354489732461E-003
  0.102680149586023       1.562103189556111E-003
  0.104242125520283       1.561848036971886E-003
  0.105803844376017       1.561589032609051E-003
  0.107365302301763       1.561326177106371E-003
  0.108926495446706       1.561059471112064E-003
  0.110487419960681       1.560788915283881E-003
  0.112048071994188       1.560514510289074E-003
  0.113608447698398       1.560236256804320E-003
  0.115168543225163       1.559954155515910E-003
  0.116728354727026       1.559668207119523E-003
  0.118287878357231       1.559378412320344E-003
  0.119847110269732       1.559084771833061E-003
  0.121406046619202       1.558787286381873E-003
  0.122964683561043       1.558485956700392E-003
  0.124523017251395       1.558180783531755E-003
  0.126081043847147       1.557871767628571E-003
  0.127638759505945       1.557558909752959E-003
  0.129196160386201       1.557242210676459E-003
  0.130753242647104       1.556921671180078E-003
  0.132310002448628       1.556597292054346E-003
  0.133866435951543       1.556269074099237E-003
  0.135422539317423       1.555937018124218E-003
  0.136978308708658       1.555601124948156E-003
  0.138533740288460       1.555261395399408E-003
  0.140088830220874       1.554917830315835E-003
  0.141643574670788       1.554570430544745E-003
  0.143197969803941       1.554219196942851E-003
  0.144752011786937       1.553864130376377E-003
  0.146305696787246       1.553505231720941E-003
  0.147859020973222       1.553142501861725E-003
  0.149411980514107       1.552775941693193E-003
  0.150964571580043       1.552405552119361E-003
  0.152516790342081       1.552031334053768E-003
  0.154068632972189       1.551653288419164E-003
  0.155620095643264       1.551271416147984E-003
  0.157171174529140       1.550885718181931E-003
  0.158721865804595       1.550496195472213E-003
  0.160272165645367       1.550102848979461E-003
  0.161822070228156       1.549705679673769E-003
  0.163371575730637       1.549304688534584E-003
  0.164920678331472       1.548899876550796E-003
  0.166469374210313       1.548491244720766E-003
  0.168017659547819       1.548078794052288E-003
  0.169565530525657       1.547662525562522E-003
  0.171112983326519       1.547242440278007E-003
  0.172660014134127       1.546818539234787E-003
  0.174206619133245       1.546390823478240E-003
  0.175752794509686       1.545959294063255E-003
  0.177298536450322       1.545523952053988E-003
  0.178843841143095       1.545084798524085E-003
  0.180388704777026       1.544641834556599E-003
  0.181933123542221       1.544195061243942E-003
  0.183477093629887       1.543744479687932E-003
  0.185020611232333       1.543290090999761E-003
  0.186563672542989       1.542831896300040E-003
  0.188106273756405       1.542369896718783E-003
  0.189648411068269       1.541904093395337E-003
  0.191190080675413       1.541434487478425E-003
  0.192731278775821       1.540961080126238E-003
  0.194272001568642       1.540483872506211E-003
  0.195812245254193       1.540002865795291E-003
  0.197352006033978       1.539518061179668E-003
  0.198891280110688       1.539029459855011E-003
  0.200430063688216       1.538537063026218E-003
  0.201968352971663       1.538040871907652E-003
  0.203506144167351       1.537540887723059E-003
  0.205043433482830       1.537037111705387E-003
  0.206580217126887       1.536529545097134E-003
  0.208116491309556       1.536018189149946E-003
  0.209652252242129       1.535503045125048E-003
  0.211187496137160       1.534984114292742E-003
  0.212722219208483       1.534461397932886E-003
  0.214256417671213       1.533934897334539E-003
  0.215790087741760       1.533404613796154E-003
  0.217323225637836       1.532870548625488E-003
  0.218855827578469       1.532332703139686E-003
  0.220387889784003       1.531791078665125E-003
  0.221919408476118       1.531245676537567E-003
  0.223450379877833       1.530696498102031E-003
  0.224980800213515       1.530143544712903E-003
  0.226510665708892       1.529586817733884E-003
  0.228039972591059       1.529026318537957E-003
  0.229568717088491       1.528462048507377E-003
  0.231096895431046       1.527894009033734E-003
  0.232624503849982       1.527322201517945E-003
  0.234151538577960       1.526746627370162E-003
  0.235677995849058       1.526167288009846E-003
  0.237203871898775       1.525584184865735E-003
  0.238729162964048       1.524997319375900E-003
  0.240253865283251       1.524406692987621E-003
  0.241777975096216       1.523812307157525E-003
  0.243301488644230       1.523214163351409E-003
  0.244824402170056       1.522612263044417E-003
  0.246346711917933       1.522006607720993E-003
  0.247868414133592       1.521397198874703E-003
  0.249389505064258       1.520784038008496E-003
  0.250909980958669       1.520167126634609E-003
  0.252429838067075       1.519546466274288E-003
  0.253949072641255       1.518922058458272E-003
  0.255467680934523       1.518293904726484E-003
  0.256985659201735       1.517662006628101E-003
  0.258503003699303       1.517026365721342E-003
  0.260019710685202       1.516386983573935E-003
  0.261535776418980       1.515743861762622E-003
  0.263051197161763       1.515097001873459E-003
  0.264565969176270       1.514446405501811E-003
  0.266080088726821       1.513792074252064E-003
  0.267593552079344       1.513134009737983E-003
  0.269106355501383       1.512472213582393E-003
  0.270618495262114       1.511806687417452E-003
  0.272129967632345       1.511137432884396E-003
  0.273640768884534       1.510464451633809E-003
  0.275150895292792       1.509787745325374E-003
  0.276660343132893       1.509107315627919E-003
  0.278169108682288       1.508423164219391E-003
  0.279677188220108       1.507735292787322E-003
  0.281184578027176       1.507043703027796E-003
  0.282691274386017       1.506348396646646E-003
  0.284197273580865       1.505649375358469E-003
  0.285702571897675       1.504946640887226E-003
  0.287207165624128       1.504240194965956E-003
  0.288711051049645       1.503530039336811E-003
  0.290214224465393       1.502816175751382E-003
  0.291716682164294       1.502098605969886E-003
  0.293218420441037       1.501377331762213E-003
  0.294719435592083       1.500652354907128E-003
  0.296219723915678       1.499923677192352E-003
  0.297719281711860       1.499191300415084E-003
  0.299218105282468       1.498455226381540E-003
  0.300716190931152       1.497715456906786E-003
  0.302213534963383       1.496971993815447E-003
  0.303710133686460       1.496224838941006E-003
  0.305205983409520       1.495473994125963E-003
  0.306701080443546       1.494719461222107E-003
  0.308195421101381       1.493961242090109E-003
  0.309689001697728       1.493199338600094E-003
  0.311181818549169       1.492433752630950E-003
  0.312673867974167       1.491664486070720E-003
  0.314165146293080       1.490891540816520E-003
  0.315655649828164       1.490114918774571E-003
  0.317145374903589       1.489334621860295E-003
  0.318634317845443       1.488550651997832E-003
  0.320122474981745       1.487763011120767E-003
  0.321609842642448       1.486971701171472E-003
  0.323096417159457       1.486176724101465E-003
  0.324582194866629       1.485378081871280E-003
  0.326067172099787       1.484575776450497E-003
  0.327551345196730       1.483769809817876E-003
  0.329034710497239       1.482960183960754E-003
  0.330517264343085       1.482146900876189E-003
  0.331999003078044       1.481329962569690E-003
  0.333479923047899       1.480509371055935E-003
  0.334960020600454       1.479685128358743E-003
  0.336439292085541       1.478857236510644E-003
  0.337917733855028       1.478025697553646E-003
  0.339395342262832       1.477190513538252E-003
  0.340872113664921       1.476351686524244E-003
  0.342348044419332       1.475509218580344E-003
  0.343823130886171       1.474663111784206E-003
  0.345297369427628       1.473813368222505E-003
  0.346770756407985       1.472959989990654E-003
  0.348243288193623       1.472102979193482E-003
  0.349714961153032       1.471242337944494E-003
  0.351185771656819       1.470378068366110E-003
  0.352655716077721       1.469510172589710E-003
  0.354124790790608       1.468638652755763E-003
  0.355592992172496       1.467763511013641E-003
  0.357060316602555       1.466884749521435E-003
  0.358526760462118       1.466002370446546E-003
  0.359992320134687       1.465116375964828E-003
  0.361456992005948       1.464226768261396E-003
  0.362920772463775       1.463333549530249E-003
  0.364383657898241       1.462436721974067E-003
  0.365845644701624       1.461536287804829E-003
  0.367306729268421       1.460632249242876E-003
  0.368766907995353       1.459724608517969E-003
  0.370226177281374       1.458813367868292E-003
  0.371684533527683       1.457898529541351E-003
  0.373141973137729       1.456980095792992E-003
  0.374598492517221       1.456058068888503E-003
  0.376054088074140       1.455132451101761E-003
  0.377508756218743       1.454203244715375E-003
  0.378962493363575       1.453270452020765E-003
  0.380415295923476       1.452334075318763E-003
  0.381867160315594       1.451394116918477E-003
  0.383318082959386       1.450450579137833E-003
  0.384768060276635       1.449503464303953E-003
  0.386217088691454       1.448552774752505E-003
  0.387665164630298       1.447598512828014E-003
  0.389112284521967       1.446640680883898E-003
  0.390558444797622       1.445679281282449E-003
  0.392003641890791       1.444714316394594E-003
  0.393447872237374       1.443745788599955E-003
  0.394891132275659       1.442773700287165E-003
  0.396333418446324       1.441798053853678E-003
  0.397774727192451       1.440818851705533E-003
  0.399215054959531       1.439836096257562E-003
  0.400654398195474       1.438849789933541E-003
  0.402092753350620       1.437859935165758E-003
  0.403530116877743       1.436866534395363E-003
  0.404966485232065       1.435869590072335E-003
  0.406401854871261       1.434869104655161E-003
  0.407836222255469       1.433865080611316E-003
  0.409269583847299       1.432857520417076E-003
  0.410701936111842       1.431846426556910E-003
  0.412133275516678       1.430831801524592E-003
  0.413563598531883       1.429813647822230E-003
  0.414992901630042       1.428791967960869E-003
  0.416421181286254       1.427766764460169E-003
  0.417848433978142       1.426738039848501E-003
  0.419274656185863       1.425705796662586E-003
  0.420699844392114       1.424670037448401E-003
  0.422123995082142       1.423630764760366E-003
  0.423547104743754       1.422587981161118E-003
  0.424969169867322       1.421541689222833E-003
  0.426390186945796       1.420491891525381E-003
  0.427810152474710       1.419438590658129E-003
  0.429229062952192       1.418381789218624E-003
  0.430646914878971       1.417321489812843E-003
  0.432063704758386       1.416257695055997E-003
  0.433479429096397       1.415190407571513E-003
  0.434894084401591       1.414119629991442E-003
  0.436307667185191       1.413045364956548E-003
  0.437720173961064       1.411967615116037E-003
  0.439131601245734       1.410886383128040E-003
  0.440541945558384       1.409801671658904E-003
  0.441951203420869       1.408713483383817E-003
  0.443359371357723       1.407621820986406E-003
  0.444766445896169       1.406526687158871E-003
  0.446172423566125       1.405428084601976E-003
  0.447577300900215       1.404326016025177E-003
  0.448981074433777       1.403220484146381E-003
  0.450383740704869       1.402111491691796E-003
  0.451785296254283       1.400999041396704E-003
  0.453185737625547       1.399883136004442E-003
  0.454585061364939       1.398763778266915E-003
  0.455983264021492       1.397640970944953E-003
  0.457380342147004       1.396514716807172E-003
  0.458776292296048       1.395385018631576E-003
  0.460171111025976       1.394251879203925E-003
  0.461564794896932       1.393115301318894E-003
  0.462957340471859       1.391975287779188E-003
  0.464348744316505       1.390831841396647E-003
  0.465739002999436       1.389684964991072E-003
  0.467128113092042       1.388534661390771E-003
  0.468516071168544       1.387380933432719E-003
  0.469902873806006       1.386223783962115E-003
  0.471288517584340       1.385063215832668E-003
  0.472672999086317       1.383899231906723E-003
  0.474056314897574       1.382731835054778E-003
  0.475438461606622       1.381561028155739E-003
  0.476819435804857       1.380386814097082E-003
  0.478199234086564       1.379209195774828E-003
  0.479577853048931       1.378028176093011E-003
  0.480955289292052       1.376843757964004E-003
  0.482331539418939       1.375655944309196E-003
  0.483706600035529       1.374464738057768E-003
  0.485080467750692       1.373270142147462E-003
  0.486453139176241       1.372072159524378E-003
  0.487824610926938       1.370870793142860E-003
  0.489194879620504       1.369666045965819E-003
  0.490563941877627       1.368457920964256E-003
  0.491931794321971       1.367246421117833E-003
  0.493298433580182       1.366031549413918E-003
  0.494663856281900       1.364813308849329E-003
  0.496028059062039       1.363591694257206E-003
  0.497391038551719       1.362366724879234E-003
  0.498752791391856       1.361138395677029E-003
  0.500113314224141       1.359906709679699E-003
  0.501472603693297       1.358671669924786E-003
  0.502830656447087       1.357433279458324E-003
  0.504187469136328       1.356191541334422E-003
  0.505543038414891       1.354946458614603E-003
  0.506897360939715       1.353698034370698E-003
  0.508250433370816       1.352446271680542E-003
  0.509602252371290       1.351191173631307E-003
  0.510952814607325       1.349932743319083E-003
  0.512302116748208       1.348670983846522E-003
  0.513650155466334       1.347405898325611E-003
  0.514996927437216       1.346137489876046E-003
  0.516342429339486       1.344865761626332E-003
  0.517686657854914       1.343590716712495E-003
  0.519029609668405       1.342312358279250E-003
  0.520371281468016       1.341030689478856E-003
  0.521711669944961       1.339745713472738E-003
  0.523050771793616       1.338457433429132E-003
  0.524388583711533       1.337165852525758E-003
  0.525725102399442       1.335870973947441E-003
  0.527060324561267       1.334572800887503E-003
  0.528394246904124       1.333271336548350E-003
  0.529726866138340       1.331966584138307E-003
  0.531058178977450       1.330658546876231E-003
  0.532388182138216       1.329347227986933E-003
  0.533716872340627       1.328032630705230E-003
  0.535044246307910       1.326714758272723E-003
  0.536370300766539       1.325393613939930E-003
  0.537695032446242       1.324069200964335E-003
  0.539018438080009       1.322741522612501E-003
  0.540340514404100       1.321410582158984E-003
  0.541661258158053       1.320076382885539E-003
  0.542980666084694       1.318738928082856E-003
  0.544298734930142       1.317398221049147E-003
  0.545615461443818       1.316054265091242E-003
  0.546930842378454       1.314707063522998E-003
  0.548244874490102       1.313356619667339E-003
  0.549557554538137       1.312002936854379E-003
  0.550868879285271       1.310646018422786E-003
  0.552178845497558       1.309285867718718E-003
  0.553487449944402       1.307922488096042E-003
  0.554794689398565       1.306555882918089E-003
  0.556100560636176       1.305186055554751E-003
  0.557405060436739       1.303813009384050E-003
  0.558708185583137       1.302436747792098E-003
  0.560009932861647       1.301057274173550E-003
  0.561310299061943       1.299674591929612E-003
  0.562609280977102       1.298288704470968E-003
  0.563906875403618       1.296899615214885E-003
  0.565203079141407       1.295507327587456E-003
  0.566497888993814       1.294111845021970E-003
  0.567791301767619       1.292713170959970E-003
  0.569083314273051       1.291311308851184E-003
  0.570373923323792       1.289906262152529E-003
  0.571663125736982       1.288498034329348E-003
  0.572950918333233       1.287086628854413E-003
  0.574237297936633       1.285672049208125E-003
  0.575522261374755       1.284254298879245E-003
  0.576805805478663       1.282833381364712E-003
  0.578087927082924       1.281409300168369E-003
  0.579368623025610       1.279982058802385E-003
  0.580647890148311       1.278551660786197E-003
  0.581925725296141       1.277118109647265E-003
  0.583202125317744       1.275681408921786E-003
  0.584477087065304       1.274241562152660E-003
  0.585750607394551       1.272798572890406E-003
  0.587022683164773       1.271352444693564E-003
  0.588293311238816       1.269903181129199E-003
  0.589562488483100       1.268450785770994E-003
  0.590830211767620       1.266995262200824E-003
  0.592096477965960       1.265536614008214E-003
  0.593361283955295       1.264074844790395E-003
  0.594624626616401       1.262609958152645E-003
  0.595886502833664       1.261141957707674E-003
  0.597146909495087       1.259670847075042E-003
  0.598405843492295       1.258196629883907E-003
  0.599663301720546       1.256719309768763E-003
  0.600919281078739       1.255238890373712E-003
  0.602173778469417       1.253755375349201E-003
  0.603426790798781       1.252268768354523E-003
  0.604678314976691       1.250779073055580E-003
  0.605928347916681       1.249286293125709E-003
  0.607176886535960       1.247790432247099E-003
  0.608423927755422       1.246291494108237E-003
  0.609669468499655       1.244789482405951E-003
  0.610913505696947       1.243284400844728E-003
  0.612156036279295       1.241776253136045E-003
  0.613397057182410       1.240265042999308E-003
  0.614636565345726       1.238750774160899E-003
  0.615874557712410       1.237233450356338E-003
  0.617111031229364       1.235713075326931E-003
  0.618345982847238       1.234189652822308E-003
  0.619579409520435       1.232663186599330E-003
  0.620811308207119       1.231133680422374E-003
  0.622041675869220       1.229601138064064E-003
  0.623270509472446       1.228065563303588E-003
  0.624497805986289       1.226526959927737E-003
  0.625723562384029       1.224985331731258E-003
  0.626947775642745       1.223440682516339E-003
  0.628170442743324       1.221893016091587E-003
  0.629391560670464       1.220342336273763E-003
  0.630611126412682       1.218788646888209E-003
  0.631829136962327       1.217231951765612E-003
  0.633045589315581       1.215672254744935E-003
  0.634260480472467       1.214109559673180E-003
  0.635473807436861       1.212543870404679E-003
  0.636685567216497       1.210975190799403E-003
  0.637895756822971       1.209403524726528E-003
  0.639104373271753       1.207828876062510E-003
  0.640311413582193       1.206251248690483E-003
  0.641516874777528       1.204670646500955E-003
  0.642720753884889       1.203087073391603E-003
  0.643923047935307       1.201500533268520E-003
  0.645123753963725       1.199911030044275E-003
  0.646322869009002       1.198318567638164E-003
  0.647520390113917       1.196723149977959E-003
  0.648716314325185       1.195124780998510E-003
  0.649910638693455       1.193523464641383E-003
  0.651103360273324       1.191919204855391E-003
  0.652294476123341       1.190312005597156E-003
  0.653483983306015       1.188701870830387E-003
  0.654671878887822       1.187088804525704E-003
  0.655858159939213       1.185472810661682E-003
  0.657042823534620       1.183853893222803E-003
  0.658225866752465       1.182232056202592E-003
  0.659407286675164       1.180607303599825E-003
  0.660587080389139       1.178979639422198E-003
  0.661765244984822       1.177349067683510E-003
  0.662941777556660       1.175715592404786E-003
  0.664116675203128       1.174079217614557E-003
  0.665289935026731       1.172439947349156E-003
  0.666461554134015       1.170797785649824E-003
  0.667631529635570       1.169152736567757E-003
  0.668799858646041       1.167504804159387E-003
  0.669966538284134       1.165853992488165E-003
  0.671131565672621       1.164200305626538E-003
  0.672294937938349       1.162543747652041E-003
  0.673456652212248       1.160884322649641E-003
  0.674616705629337       1.159222034712374E-003
  0.675775095328728       1.157556887939684E-003
  0.676931818453640       1.155888886438439E-003
  0.678086872151399       1.154218034321292E-003
  0.679240253573451       1.152544335708895E-003
  0.680391959875362       1.150867794729910E-003
  0.681541988216833       1.149188415518102E-003
  0.682690335761701       1.147506202215482E-003
  0.683836999677950       1.145821158970304E-003
  0.684981977137713       1.144133289938482E-003
  0.686125265317286       1.142442599282649E-003
  0.687266861397127       1.140749091172048E-003
  0.688406762561871       1.139052769783530E-003
  0.689544966000329       1.137353639299952E-003
  0.690681468905502       1.135651703911830E-003
  0.691816268474584       1.133946967816767E-003
  0.692949361908968       1.132239435218482E-003
  0.694080746414257       1.130529110328737E-003
  0.695210419200267       1.128815997364767E-003
  0.696338377481037       1.127100100551335E-003
  0.697464618474831       1.125381424121085E-003
  0.698589139404152       1.123659972311405E-003
  0.699711937495743       1.121935749368532E-003
  0.700833009980595       1.120208759543490E-003
  0.701952354093956       1.118479007097075E-003
  0.703069967075337       1.116746496293991E-003
  0.704185846168516       1.115011231407209E-003
  0.705299988621549       1.113273216715935E-003
  0.706412391686775       1.111532456506543E-003
  0.707523052620821       1.109788955072495E-003
  0.708631968684611       1.108042716712885E-003
  0.709739137143373       1.106293745734417E-003
  0.710844555266644       1.104542046450635E-003
  0.711948220328279       1.102787623180719E-003
  0.713050129606453       1.101030480252977E-003
  0.714150280383675       1.099270621999272E-003
  0.715248669946789       1.097508052759634E-003
  0.716345295586983       1.095742776882467E-003
  0.717440154599793       1.093974798719548E-003
  0.718533244285114       1.092204122631924E-003
  0.719624561947204       1.090430752986234E-003
  0.720714104894692       1.088654694156022E-003
  0.721801870440582       1.086875950520899E-003
  0.722887855902261       1.085094526467758E-003
  0.723972058601509       1.083310426390446E-003
  0.725054475864500       1.081523654687924E-003
  0.726135105021811       1.079734215766681E-003
  0.727213943408431       1.077942114040360E-003
  0.728290988363764       1.076147353928256E-003
  0.729366237231635       1.074349939856999E-003
  0.730439687360303       1.072549876258905E-003
  0.731511336102458       1.070747167573497E-003
  0.732581180815236       1.068941818245942E-003
  0.733649218860220       1.067133832729482E-003
  0.734715447603451       1.065323215482449E-003
  0.735779864415430       1.063509970969430E-003
  0.736842466671126       1.061694103663406E-003
  0.737903251749985       1.059875618041963E-003
  0.738962217035933       1.058054518589245E-003
  0.740019359917384       1.056230809797968E-003
  0.741074677787247       1.054404496164538E-003
  0.742128168042933       1.052575582192909E-003
  0.743179828086357       1.050744072393671E-003
  0.744229655323949       1.048909971283814E-003
  0.745277647166661       1.047073283386382E-003
  0.746323801029969       1.045234013230941E-003
  0.747368114333882       1.043392165352930E-003
  0.748410584502949       1.041547744296459E-003
  0.749451208966264       1.039700754608030E-003
  0.750489985157473       1.037851200843812E-003
  0.751526910514780       1.035999087564724E-003
  0.752561982480954       1.034144419338923E-003
  0.753595198503333       1.032287200739958E-003
  0.754626556033835       1.030427436347276E-003
  0.755656052528959       1.028565130748327E-003
  0.756683685449794       1.026700288535864E-003
  0.757709452262026       1.024832914308773E-003
  0.758733350435942       1.022963012671839E-003
  0.759755377446438       1.021090588237235E-003
  0.760775530773024       1.019215645622203E-003
  0.761793807899830       1.017338189450885E-003
  0.762810206315617       1.015458224353841E-003
  0.763824723513774       1.013575754965731E-003
  0.764837356992333       1.011690785930638E-003
  0.765848104253970       1.009803321897573E-003
  0.766856962806013       1.007913367519346E-003
  0.767863930160448       1.006020927458431E-003
  0.768869003833925       1.004126006382383E-003
  0.769872181347764       1.002228608962212E-003
  0.770873460227962       1.000328739879176E-003
  0.771872838005197       9.984264038187612E-004
  0.772870312214836       9.965216054706129E-004
  0.773865880396942       9.946143495342585E-004
  0.774859540096276       9.927046407117992E-004
  0.775851288862307       9.907924837138855E-004
  0.776841124249217       9.888778832561344E-004
  0.777829043815906       9.869608440598583E-004
  0.778815045125999       9.850413708528145E-004
  0.779799125747852       9.831194683685739E-004
  0.780781283254557       9.811951413472794E-004
  0.781761515223950       9.792683945349079E-004
  0.782739819238614       9.773392326827472E-004
  0.783716192885889       9.754076605482845E-004
  0.784690633757872       9.734736828956388E-004
  0.785663139451431       9.715373044941404E-004
  0.786633707568202       9.695985301187089E-004
  0.787602335714604       9.676573645509679E-004
  0.788569021501836       9.657138125785367E-004
  0.789533762545889       9.637678789941501E-004
  0.790496556467552       9.618195685964049E-004
  0.791457400892413       9.598688861906638E-004
  0.792416293450868       9.579158365878883E-004
  0.793373231778128       9.559604246042054E-004
  0.794328213514224       9.540026550623132E-004
  0.795281236304010       9.520425327901367E-004
  0.796232297797173       9.500800626219098E-004
  0.797181395648235       9.481152493974353E-004
  0.798128527516564       9.461480979613100E-004
  0.799073691066372       9.441786131665060E-004
  0.800016883966729       9.422067998688656E-004
  0.800958103891563       9.402326629313432E-004
  0.801897348519668       9.382562072228085E-004
  0.802834615534710       9.362774376176875E-004
  0.803769902625231       9.342963589953668E-004
  0.804703207484657       9.323129762424699E-004
  0.805634527811303       9.303272942492058E-004
  0.806563861308375       9.283393179132192E-004
  0.807491205683982       9.263490521369064E-004
  0.808416558651138       9.243565018292846E-004
  0.809339917927768       9.223616719033935E-004
  0.810261281236713       9.203645672795426E-004
  0.811180646305737       9.183651928824074E-004
  0.812098010867531       9.163635536437505E-004
  0.813013372659722       9.143596544987974E-004
  0.813926729424873       9.123535003892791E-004
  0.814838078910495       9.103450962637337E-004
  0.815747418869047       9.083344470753498E-004
  0.816654747057944       9.063215577812224E-004
  0.817560061239563       9.043064333477819E-004
  0.818463359181248       9.022890787416485E-004
  0.819364638655315       9.002694989413087E-004
  0.820263897439058       8.982476989242061E-004
  0.821161133314755       8.962236836787797E-004
  0.822056344069671       8.941974581960219E-004
  0.822949527496067       8.921690274719958E-004
  0.823840681391203       8.901383965109167E-004
  0.824729803557344       8.881055703186525E-004
  0.825616891801767       8.860705539100247E-004
  0.826501943936764       8.840333523022323E-004
  0.827384957779647       8.819939705204506E-004
  0.828265931152757       8.799524135944654E-004
  0.829144861883466       8.779086865587704E-004
  0.830021747804184       8.758627944529879E-004
  0.830896586752363       8.738147423220264E-004
  0.831769376570504       8.717645352192150E-004
  0.832640115106162       8.697121781986609E-004
  0.833508800211949       8.676576763217432E-004
  0.834375429745542       8.656010346564756E-004
  0.835240001569688       8.635422582729360E-004
  0.836102513552209       8.614813522512538E-004
  0.836962963566005       8.594183216711638E-004
  0.837821349489062       8.573531716231477E-004
  0.838677669204458       8.552859071975450E-004
  0.839531920600364       8.532165334936709E-004
  0.840384101570054       8.511450556159437E-004
  0.841234210011907       8.490714786717361E-004
  0.842082243829413       8.469958077744132E-004
  0.842928200931178       8.449180480446440E-004
  0.843772079230931       8.428382046047429E-004
  0.844613876647528       8.407562825852996E-004
  0.845453591104953       8.386722871200912E-004
  0.846291220532332       8.365862233484347E-004
  0.847126762863930       8.344980964149921E-004
  0.847960216039159       8.324079114709158E-004
  0.848791578002585       8.303156736678285E-004
  0.849620846703929       8.282213881688997E-004
  0.850448020098077       8.261250601356800E-004
  0.851273096145081       8.240266947411107E-004
  0.852096072810164       8.219262971585890E-004
  0.852916948063729       8.198238725676772E-004
  0.853735719881359       8.177194261544064E-004
  0.854552386243827       8.156129631088163E-004
  0.855366945137097       8.135044886248121E-004
  0.856179394552329       8.113940079021112E-004
  0.856989732485889       8.092815261458719E-004
  0.857797956939346       8.071670485658905E-004
  0.858604065919485       8.050505803775532E-004
  0.859408057438305       8.029321267991662E-004
  0.860209929513029       8.008116930561106E-004
  0.861009680166105       7.986892843769925E-004
  0.861807307425216       7.965649059976599E-004
  0.862602809323279       7.944385631544025E-004
  0.863396183898453       7.923102610932581E-004
  0.864187429194143       7.901800050627087E-004
  0.864976543259006       7.880478003162541E-004
  0.865763524146955       7.859136521115870E-004
  0.866548369917164       7.837775657123543E-004
  0.867331078634071       7.816395463866047E-004
  0.868111648367385       7.794995994062185E-004
  0.868890077192092       7.773577300498148E-004
  0.869666363188454       7.752139436002564E-004
  0.870440504442022       7.730682453416528E-004
  0.871212499043632       7.709206405687152E-004
  0.871982345089418       7.687711345760473E-004
  0.872750040680811       7.666197326647640E-004
  0.873515583924543       7.644664401401563E-004
  0.874278972932658       7.623112623154792E-004
  0.875040205822510       7.601542045017722E-004
  0.875799280716772       7.579952720217099E-004
  0.876556195743438       7.558344701975766E-004
  0.877310949035830       7.536718043596947E-004
  0.878063538732598       7.515072798407120E-004
  0.878813962977730       7.493409019797315E-004
  0.879562219920556       7.471726761175576E-004
  0.880308307715749       7.450026076031755E-004
  0.881052224523330       7.428307017874413E-004
  0.881793968508676       7.406569640278267E-004
  0.882533537842523       7.384813996830772E-004
  0.883270930700969       7.363040141206040E-004
  0.884006145265480       7.341248127076987E-004
  0.884739179722894       7.319438008214420E-004
  0.885470032265424       7.297609838386346E-004
  0.886198701090667       7.275763671435447E-004
  0.886925184401603       7.253899561230631E-004
  0.887649480406602       7.232017561702078E-004
  0.888371587319430       7.210117726801353E-004
  0.889091503359249       7.188200110533904E-004
  0.889809226750627       7.166264766984042E-004
  0.890524755723538       7.144311750209004E-004
  0.891238088513367       7.122341114366241E-004
  0.891949223360916       7.100352913650292E-004
  0.892658158512408       7.078347202261481E-004
  0.893364892219489       7.056324034492456E-004
  0.894069422739237       7.034283464654914E-004
  0.894771748334162       7.012225547087914E-004
  0.895471867272210       6.990150336195789E-004
  0.896169777826771       6.968057886426406E-004
  0.896865478276682       6.945948252260420E-004
  0.897558966906227       6.923821488219045E-004
  0.898250242005149       6.901677648885895E-004
  0.898939301868648       6.879516788857580E-004
  0.899626144797385       6.857338962780826E-004
  0.900310769097492       6.835144225361636E-004
  0.900993173080571       6.812932631335282E-004
  0.901673355063699       6.790704235484789E-004
  0.902351313369433       6.768459092604225E-004
  0.903027046325816       6.746197257586611E-004
  0.903700552266375       6.723918785315206E-004
  0.904371829530134       6.701623730729469E-004
  0.905040876461609       6.679312148815444E-004
  0.905707691410820       6.656984094597262E-004
  0.906372272733289       6.634639623150096E-004
  0.907034618790046       6.612278789574624E-004
  0.907694727947637       6.589901649007489E-004
  0.908352598578121       6.567508256635773E-004
  0.909008229059079       6.545098667703582E-004
  0.909661617773617       6.522672937447916E-004
  0.910312763110369       6.500231121190849E-004
  0.910961663463501       6.477773274292087E-004
  0.911608317232717       6.455299452108041E-004
  0.912252722823260       6.432809710066303E-004
  0.912894878645918       6.410304103655239E-004
  0.913534783117028       6.387782688349242E-004
  0.914172434658477       6.365245519708948E-004
  0.914807831697711       6.342692653314707E-004
  0.915440972667734       6.320124144767581E-004
  0.916071856007114       6.297540049734213E-004
  0.916700480159988       6.274940423924044E-004
  0.917326843576063       6.252325323052000E-004
  0.917950944710622       6.229694802909024E-004
  0.918572782024527       6.207048919284955E-004
  0.919192353984224       6.184387728038116E-004
  0.919809659061745       6.161711285062931E-004
  0.920424695734711       6.139019646273032E-004
  0.921037462486339       6.116312867645644E-004
  0.921647957805444       6.093591005152447E-004
  0.922256180186442       6.070854114850846E-004
  0.922862128129356       6.048102252808367E-004
  0.923465800139816       6.025335475122747E-004
  0.924067194729065       6.002553837961437E-004
  0.924666310413965       5.979757397494407E-004
  0.925263145716995       5.956946209958826E-004
  0.925857699166261       5.934120331572887E-004
  0.926449969295493       5.911279818667199E-004
  0.927039954644054       5.888424727556214E-004
  0.927627653756942       5.865555114596756E-004
  0.928213065184792       5.842671036195551E-004
  0.928796187483882       5.819772548811676E-004
  0.929377019216135       5.796859708869036E-004
  0.929955558949122       5.773932572914915E-004
  0.930531805256068       5.750991197474465E-004
  0.931105756715853       5.728035639116445E-004
  0.931677411913016       5.705065954481189E-004
  0.932246769437760       5.682082200179844E-004
  0.932813827885953       5.659084432927760E-004
  0.933378585859136       5.636072709419986E-004
  0.933941041964521       5.613047086422254E-004
  0.934501194814996       5.590007620700762E-004
  0.935059043029130       5.566954369085935E-004
  0.935614585231178       5.543887388432460E-004
  0.936167820051078       5.520806735613973E-004
  0.936718746124461       5.497712467582912E-004
  0.937267362092651       5.474604641263868E-004
  0.937813666602670       5.451483313652639E-004
  0.938357658307238       5.428348541761603E-004
  0.938899335864782       5.405200382670567E-004
  0.939438697939434       5.382038893432191E-004
  0.939975743201037       5.358864131197549E-004
  0.940510470325147       5.335676153110051E-004
  0.941042877993037       5.312475016355725E-004
  0.941572964891702       5.289260778142761E-004
  0.942100729713859       5.266033495733302E-004
  0.942626171157950       5.242793226396911E-004
  0.943149287928149       5.219540027452860E-004
  0.943670078734364       5.196273956241276E-004
  0.944188542292236       5.172995070160443E-004
  0.944704677323147       5.149703426616890E-004
  0.945218482554223       5.126399083030238E-004
  0.945729956718334       5.103082096881636E-004
  0.946239098554098       5.079752525695647E-004
  0.946745906805888       5.056410426978492E-004
  0.947250380223828       5.033055858299601E-004
  0.947752517563803       5.009688877262897E-004
  0.948252317587458       4.986309541522627E-004
  0.948749779062203       4.962917908669724E-004
  0.949244900761214       4.939514036465236E-004
  0.949737681463439       4.916097982575100E-004
  0.950228119953597       4.892669804765350E-004
  0.950716215022186       4.869229560811668E-004
  0.951201965465482       4.845777308520146E-004
  0.951685370085541       4.822313105745588E-004
  0.952166427690209       4.798837010332599E-004
  0.952645137093115       4.775349080180061E-004
  0.953121497113684       4.751849373215460E-004
  0.953595506577130       4.728337947408109E-004
  0.954067164314468       4.704814860701169E-004
  0.954536469162510       4.681280171165622E-004
  0.955003419963873       4.657733936797542E-004
  0.955468015566977       4.634176215669754E-004
  0.955930254826052       4.610607065894146E-004
  0.956390136601138       4.587026545591984E-004
  0.956847659758091       4.563434712922591E-004
  0.957302823168581       4.539831626038752E-004
  0.957755625710099       4.516217343184390E-004
  0.958206066265959       4.492591922574453E-004
  0.958654143725299       4.468955422484518E-004
  0.959099856983084       4.445307901218019E-004
  0.959543204940111       4.421649417052568E-004
  0.959984186503011       4.397980028362254E-004
  0.960422800584247       4.374299793532645E-004
  0.960859046102126       4.350608770939484E-004
  0.961292921980792       4.326907019024019E-004
  0.961724427150235       4.303194596236092E-004
  0.962153560546291       4.279471561035995E-004
  0.962580321110645       4.255737971950371E-004
  0.963004707790834       4.231993887494337E-004
  0.963426719540250       4.208239366224462E-004
  0.963846355318141       4.184474466746750E-004
  0.964263614089614       4.160699247673274E-004
  0.964678494825641       4.136913767586496E-004
  0.965090996503055       4.113118085197920E-004
  0.965501118104559       4.089312259159832E-004
  0.965908858618724       4.065496348202974E-004
  0.966314217039993       4.041670411052731E-004
  0.966717192368685       4.017834506459368E-004
  0.967117783610996       3.993988693204161E-004
  0.967515989779000       3.970133030130696E-004
  0.967911809890654       3.946267576030565E-004
  0.968305242969799       3.922392389778324E-004
  0.968696288046165       3.898507530238486E-004
  0.969084944155367       3.874613056335812E-004
  0.969471210338916       3.850709026982970E-004
  0.969855085644214       3.826795501148453E-004
  0.970236569124560       3.802872537769786E-004
  0.970615659839153       3.778940195903346E-004
  0.970992356853090       3.754998534514548E-004
  0.971366659237375       3.731047612675160E-004
  0.971738566068915       3.707087489470937E-004
  0.972108076430525       3.683118223948877E-004
  0.972475189410931       3.659139875248976E-004
  0.972839904104771       3.635152502496160E-004
  0.973202219612598       3.611156164830309E-004
  0.973562135040880       3.587150921463561E-004
  0.973919649502007       3.563136831589351E-004
  0.974274762114287       3.539113954402210E-004
  0.974627472001954       3.515082349175844E-004
  0.974977778295166       3.491042075184064E-004
  0.975325680130009       3.466993191683042E-004
  0.975671176648498       3.442935758008364E-004
  0.976014266998583       3.418869833479978E-004
  0.976354950334143       3.394795477437175E-004
  0.976693225814998       3.370712749257851E-004
  0.977029092606903       3.346621708350149E-004
  0.977362549881555       3.322522414078062E-004
  0.977693596816592       3.298414925956112E-004
  0.978022232595597       3.274299303375730E-004
  0.978348456408099       3.250175605803000E-004
  0.978672267449575       3.226043892776918E-004
  0.978993664921455       3.201904223775220E-004
  0.979312648031116       3.177756658333775E-004
  0.979629215991895       3.153601256039347E-004
  0.979943368023080       3.129438076406510E-004
  0.980255103349922       3.105267179097427E-004
  0.980564421203627       3.081088623646659E-004
  0.980871320821368       3.056902469713631E-004
  0.981175801446276       3.032708776973809E-004
  0.981477862327454       3.008507605038979E-004
  0.981777502719968       2.984299013622607E-004
  0.982074721884854       2.960083062423962E-004
  0.982369519089121       2.935859811207849E-004
  0.982661893605748       2.911629319634012E-004
  0.982951844713693       2.887391647479493E-004
  0.983239371697886       2.863146854576193E-004
  0.983524473849238       2.838895000641997E-004
  0.983807150464640       2.814636145511065E-004
  0.984087400846963       2.790370349033013E-004
  0.984365224305064       2.766097671021636E-004
  0.984640620153782       2.741818171379315E-004
  0.984913587713947       2.717531909954541E-004
  0.985184126312374       2.693238946617224E-004
  0.985452235281869       2.668939341301762E-004
  0.985717913961232       2.644633153916560E-004
  0.985981161695253       2.620320444456508E-004
  0.986241977834721       2.596001272858709E-004
  0.986500361736419       2.571675699062871E-004
  0.986756312763128       2.547343783102568E-004
  0.987009830283632       2.523005584948245E-004
  0.987260913672712       2.498661164630007E-004
  0.987509562311156       2.474310582241753E-004
  0.987755775585755       2.449953897747801E-004
  0.987999552889305       2.425591171275051E-004
  0.988240893620610       2.401222462871790E-004
  0.988479797184485       2.376847832656247E-004
  0.988716262991752       2.352467340733899E-004
  0.988950290459248       2.328081047251422E-004
  0.989181879009822       2.303689012296841E-004
  0.989411028072337       2.279291296127384E-004
  0.989637737081674       2.254887958780323E-004
  0.989862005478731       2.230479060518804E-004
  0.990083832710423       2.206064661522144E-004
  0.990303218229688       2.181644821999786E-004
  0.990520161495485       2.157219602191815E-004
  0.990734661972794       2.132789062317459E-004
  0.990946719132623       2.108353262631665E-004
  0.991156332452002       2.083912263349605E-004
  0.991363501413991       2.059466124841923E-004
  0.991568225507675       2.035014907334173E-004
  0.991770504228171       2.010558671099233E-004
  0.991970337076625       1.986097476566957E-004
  0.992167723560217       1.961631383952609E-004
  0.992362663192159       1.937160453569751E-004
  0.992555155491696       1.912684745897027E-004
  0.992745199984110       1.888204321211347E-004
  0.992932796200721       1.863719239841898E-004
  0.993117943678883       1.839229562317792E-004
  0.993300641961993       1.814735348858559E-004
  0.993480890599487       1.790236660018693E-004
  0.993658689146840       1.765733556111459E-004
  0.993834037165572       1.741226097669265E-004
  0.994006934223245       1.716714345002146E-004
  0.994177379893467       1.692198358675521E-004
  0.994345373755889       1.667678199097672E-004
  0.994510915396212       1.643153926720957E-004
  0.994674004406180       1.618625602073365E-004
  0.994834640383591       1.594093285617179E-004
  0.994992822932287       1.569557037890704E-004
  0.995148551662166       1.545016919342123E-004
  0.995301826189174       1.520472990531214E-004
  0.995452646135310       1.495925311936508E-004
  0.995601011128627       1.471373944227613E-004
  0.995746920803232       1.446818947812037E-004
  0.995890374799288       1.422260383247544E-004
  0.996031372763013       1.397698311208560E-004
  0.996169914346683       1.373132792208296E-004
  0.996305999208630       1.348563886777859E-004
  0.996439627013248       1.323991655610244E-004
  0.996570797430987       1.299416159188683E-004
  0.996699510138360       1.274837458216474E-004
  0.996825764817939       1.250255613326862E-004
  0.996949561158360       1.225670685051267E-004
  0.997070898854320       1.201082734006837E-004
  0.997189777606581       1.176491820873637E-004
  0.997306197121966       1.151898006373215E-004
  0.997420157113368       1.127301351025124E-004
  0.997531657299741       1.102701915484678E-004
  0.997640697406107       1.078099760535995E-004
  0.997747277163556       1.053494946773875E-004
  0.997851396309245       1.028887534727650E-004
  0.997953054586398       1.004277585309699E-004
  0.998052251744311       9.796651590554664E-005
  0.998148987538345       9.550503167052017E-005
  0.998243261729935       9.304331189424207E-005
  0.998335074086587       9.058136263087583E-005
  0.998424424381875       8.811918994704360E-005
  0.998511312395448       8.565679993665425E-005
  0.998595737913026       8.319419862314901E-005
  0.998677700726403       8.073139209343702E-005
  0.998757200633446       7.826838641030867E-005
  0.998834237438096       7.580518760295289E-005
  0.998908810950370       7.334180173307601E-005
  0.998980920986358       7.087823481656166E-005
  0.999050567368199       6.841449704917524E-005
  0.999117749924186       6.595058731373282E-005
  0.999182468488616       6.348651494757737E-005
  0.999244722901885       6.102228600737556E-005
  0.999304513010468       5.855790657903920E-005
  0.999361838666918       5.609338275208952E-005
  0.999416699729866       5.362872058691127E-005
  0.999469096064025       5.116392617892922E-005
  0.999519027540186       4.869900560391373E-005
  0.999566494035223       4.623396494624586E-005
  0.999611495432093       4.376881029527834E-005
  0.999654031619837       4.130354772696544E-005
  0.999694102493582       3.883818332152797E-005
  0.999731707954547       3.637272317950352E-005
  0.999766847910044       3.390717337694224E-005
  0.999799522273489       3.144154009784396E-005
  0.999829730964410       2.897582935822752E-005
  0.999857473908472       2.651004740772027E-005
  0.999882751037505       2.404420035416646E-005
  0.999905562289571       2.157829450418038E-005
  0.999925907609086       1.911233630466985E-005
  0.999943786947069       1.664633243373043E-005
  0.999959200261731       1.418029109218331E-005
  0.999972147519968       1.171422187081218E-005
  0.999982628701862       9.248142765872782E-006
  0.999990643817619       6.782104406743649E-006
  0.999996192998442       4.316366063946033E-006
  0.999999277463170       1.854262670769516E-006
