  7.652652113349732E-002  0.152753387130726     
  0.227785851141645       0.149172986472604     
  0.373706088715420       0.142096109318382     
  0.510867001950854       0.131688638449075     
  0.636053680728559       0.118194531950682     
  0.746331906460151       0.101930119817240     
  0.839116971822223       8.327674157666788E-002
  0.912234428251326       6.267204833410697E-002
  0.963971927280956       4.060142972972076E-002
  0.993128599185095       1.761400713914135E-002
