  2.615810143099335E-003  5.231608353770979E-003
  7.847358834913684E-003  5.231465165331723E-003
  1.307869274553460E-002  5.231178792372635E-003
  1.830966869403261E-002  5.230749242732220E-003
  2.354014350927565E-002  5.230176528167943E-003
  2.876997403384757E-002  5.229460664355884E-003
  3.399901712796641E-002  5.228601670890264E-003
  3.922712967340203E-002  5.227599571283021E-003
  4.445416857739332E-002  5.226454392962952E-003
  4.967999077656458E-002  5.225166167275221E-003
  5.490445324084116E-002  5.223734929480289E-003
  6.012741297736417E-002  5.222160718753103E-003
  6.534872703440417E-002  5.220443578181924E-003
  7.056825250527377E-002  5.218583554767208E-003
  7.578584653223892E-002  5.216580699420331E-003
  8.100136631042897E-002  5.214435066962095E-003
  8.621466909174512E-002  5.212146716121357E-003
  9.142561218876753E-002  5.209715709533337E-003
  9.663405297866060E-002  5.207142113737968E-003
  0.101839848907077       5.204425999178014E-003
  0.107042857492057       5.201567440197217E-003
  0.112242936327933       5.198566515038242E-003
  0.117439943089222       5.195423305840416E-003
  0.122633735534525       5.192137898637749E-003
  0.127824171510416       5.188710383356188E-003
  0.133011108955337       5.185140853811764E-003
  0.138194405908720       5.181429403113652E-003
  0.143373920494523       5.177576141320517E-003
  0.148549510954790       5.173581169942557E-003
  0.153721035634284       5.169444598321593E-003
  0.158888352989048       5.165166539675099E-003
  0.164051321590279       5.160747111092935E-003
  0.169209800128199       5.156186433534295E-003
  0.174363647415921       5.151484631824341E-003
  0.179512722393317       5.146641834650785E-003
  0.184656884130874       5.141658174560290E-003
  0.189795991833557       5.136533787955076E-003
  0.194929904844655       5.131268815088828E-003
  0.200058482649638       5.125863400063284E-003
  0.205181584880001       5.120317690823922E-003
  0.210299071317101       5.114631839156000E-003
  0.215410801896001       5.108806000680660E-003
  0.220516636709301       5.102840334850207E-003
  0.225616436010967       5.096735004944276E-003
  0.230710060220156       5.090490178064852E-003
  0.235797369925037       5.084106025132048E-003
  0.240878225886605       5.077582720879352E-003
  0.245952489042494       5.070920443848668E-003
  0.251020020510782       5.064119376385729E-003
  0.256080681593794       5.057179704634893E-003
  0.261134333781893       5.050101618533935E-003
  0.266180838757278       5.042885311809285E-003
  0.271220058397765       5.035530981970278E-003
  0.276251854780568       5.028038830303853E-003
  0.281276090186075       5.020409061869366E-003
  0.286292627101617       5.012641885492574E-003
  0.291301328225233       5.004737513760010E-003
  0.296302056469425       4.996696163013400E-003
  0.301294674964911       4.988518053343349E-003
  0.306279047064373       4.980203408583832E-003
  0.311255036346197       4.971752456305390E-003
  0.316222506618203       4.963165427809493E-003
  0.321181321921378       4.954442558122178E-003
  0.326131346533591       4.945584085987055E-003
  0.331072444973313       4.936590253859533E-003
  0.336004482003325       4.927461307899465E-003
  0.340927322634413       4.918197497965046E-003
  0.345840832129072       4.908799077605524E-003
  0.350744876005186       4.899266304054356E-003
  0.355639320039713       4.889599438222295E-003
  0.360524030272357       4.879798744690322E-003
  0.365398873009234       4.869864491702100E-003
  0.370263714826535       4.859796951156745E-003
  0.375118422574171       4.849596398601697E-003
  0.379962863379424       4.839263113224706E-003
  0.384796904650579       4.828797377846341E-003
  0.389620414080557       4.818199478912491E-003
  0.394433259650533       4.807469706486283E-003
  0.399235309633550       4.796608354240064E-003
  0.404026432598125       4.785615719447790E-003
  0.408806497411846       4.774492102976527E-003
  0.413575373244962       4.763237809277838E-003
  0.418332929573963       4.751853146380589E-003
  0.423079036185150       4.740338425881552E-003
  0.427813563178204       4.728693962937064E-003
  0.432536380969739       4.716920076254363E-003
  0.437247360296844       4.705017088083351E-003
  0.441946372220631       4.692985324207238E-003
  0.446633288129754       4.680825113934103E-003
  0.451307979743936       4.668536790086816E-003
  0.455970319117474       4.656120688995579E-003
  0.460620178642749       4.643577150487161E-003
  0.465257431053709       4.630906517876994E-003
  0.469881949429361       4.618109137958222E-003
  0.474493607197239       4.605185360993720E-003
  0.479092278136869       4.592135540705639E-003
  0.483677836383228       4.578960034265572E-003
  0.488250156430182       4.565659202285668E-003
  0.492809113133929       4.552233408807656E-003
  0.497354581716415       4.538683021294195E-003
  0.501886437768758       4.525008410617249E-003
  0.506404557254648       4.511209951049627E-003
  0.510908816513743       4.497288020252743E-003
  0.515399092265054       4.483242999268316E-003
  0.519875261610317       4.469075272506857E-003
  0.524337202037361       4.454785227736881E-003
  0.528784791423457       4.440373256075375E-003
  0.533217908038662       4.425839751976360E-003
  0.537636430549153       4.411185113219148E-003
  0.542040238020543       4.396409740899915E-003
  0.546429209921195       4.381514039418740E-003
  0.550803226125521       4.366498416468237E-003
  0.555162166917265       4.351363283025130E-003
  0.559505912992786       4.336109053335408E-003
  0.563834345464319       4.320736144905298E-003
  0.568147345863232       4.305244978489798E-003
  0.572444796143265       4.289635978079478E-003
  0.576726578683763       4.273909570891394E-003
  0.580992576292895       4.258066187354546E-003
  0.585242672210864       4.242106261100593E-003
  0.589476750113096       4.226030228950521E-003
  0.593694694113430       4.209838530903738E-003
  0.597896388767290       4.193531610124123E-003
  0.602081719074839       4.177109912930285E-003
  0.606250570484131       4.160573888782550E-003
  0.610402828894247       4.143923990268810E-003
  0.614538380658414       4.127160673094902E-003
  0.618657112587119       4.110284396071247E-003
  0.622758911951206       4.093295621098611E-003
  0.626843666484959       4.076194813157466E-003
  0.630911264389180       4.058982440295084E-003
  0.634961594334243       4.041658973612123E-003
  0.638994545463144       4.024224887249230E-003
  0.643010007394538       4.006680658375594E-003
  0.647007870225752       3.989026767173242E-003
  0.650988024535803       3.971263696828120E-003
  0.654950361388385       3.953391933512981E-003
  0.658894772334855       3.935411966374495E-003
  0.662821149417198       3.917324287523652E-003
  0.666729385170984       3.899129392016972E-003
  0.670619372628311       3.880827777846153E-003
  0.674491005320728       3.862419945924947E-003
  0.678344177282152       3.843906400072195E-003
  0.682178783051768       3.825287647002398E-003
  0.685994717676916       3.806564196307406E-003
  0.689791876715962       3.787736560446030E-003
  0.693570156241158       3.768805254727776E-003
  0.697329452841484       3.749770797301365E-003
  0.701069663625483       3.730633709135345E-003
  0.704790686224071       3.711394514011687E-003
  0.708492418793346       3.692053738502427E-003
  0.712174760017369       3.672611911963332E-003
  0.715837609110939       3.653069566514836E-003
  0.719480865822355       3.633427237027336E-003
  0.723104430436154       3.613685461110117E-003
  0.726708203775845       3.593844779091749E-003
  0.730292087206620       3.573905734009941E-003
  0.733855982638057       3.553868871593457E-003
  0.737399792526802       3.533734740249544E-003
  0.740923419879240       3.513503891044692E-003
  0.744426768254148       3.493176877696622E-003
  0.747909741765338       3.472754256551670E-003
  0.751372245084279       3.452236586575257E-003
  0.754814183442705       3.431624429332751E-003
  0.758235462635212       3.410918348976880E-003
  0.761635989021834       3.390118912229614E-003
  0.765015669530606       3.369226688369038E-003
  0.768374411660113       3.348242249213259E-003
  0.771712123482020       3.327166169102445E-003
  0.775028713643589       3.305999024886909E-003
  0.778324091370179       3.284741395908985E-003
  0.781598166467732       3.263393863986632E-003
  0.784850849325237       3.241957013398725E-003
  0.788082050917189       3.220431430870116E-003
  0.791291682806020       3.198817705552155E-003
  0.794479657144525       3.177116429010590E-003
  0.797645886678260       3.155328195205583E-003
  0.800790284747935       3.133453600478463E-003
  0.803912765291785       3.111493243535006E-003
  0.807013242847924       3.089447725426162E-003
  0.810091632556684       3.067317649534805E-003
  0.813147850162941       3.045103621559468E-003
  0.816181812018416       3.022806249494858E-003
  0.819193435083968       3.000426143616766E-003
  0.822182636931866       2.977963916465361E-003
  0.825149335748045       2.955420182829346E-003
  0.828093450334345       2.932795559728087E-003
  0.831014900110733       2.910090666393388E-003
  0.833913605117508       2.887306124257554E-003
  0.836789486017493       2.864442556927575E-003
  0.839642464098201       2.841500590178504E-003
  0.842472461273994       2.818480851928417E-003
  0.845279400088217       2.795383972224786E-003
  0.848063203715321       2.772210583224894E-003
  0.850823795962964       2.748961319182429E-003
  0.853561101274094       2.725636816427385E-003
  0.856275044729022       2.702237713346931E-003
  0.858965552047469       2.678764650372352E-003
  0.861632549590600       2.655218269958274E-003
  0.864275964363039       2.631599216565564E-003
  0.866895724014869       2.607908136645502E-003
  0.869491756843608       2.584145678619813E-003
  0.872063991796177       2.560312492862286E-003
  0.874612358470840       2.536409231685177E-003
  0.877136787119133       2.512436549318898E-003
  0.879637208647772       2.488395101890730E-003
  0.882113554620546       2.464285547412111E-003
  0.884565757260187       2.440108545759855E-003
  0.886993749450230       2.415864758654550E-003
  0.889397464736844       2.391554849644092E-003
  0.891776837330655       2.367179484090480E-003
  0.894131802108544       2.342739329142016E-003
  0.896462294615434       2.318235053722671E-003
  0.898768251066046       2.293667328513017E-003
  0.901049608346653       2.269036825926745E-003
  0.903306304016805       2.244344220098589E-003
  0.905538276311034       2.219590186860110E-003
  0.907745464140549       2.194775403728403E-003
  0.909927807094907       2.169900549878439E-003
  0.912085245443665       2.144966306134660E-003
  0.914217720138018       2.119973354941885E-003
  0.916325172812410       2.094922380354768E-003
  0.918407545786136       2.069814068014529E-003
  0.920464782064919       2.044649105132052E-003
  0.922496825342471       2.019428180471806E-003
  0.924503620002032       1.994151984324271E-003
  0.926485111117893       1.968821208496957E-003
  0.928441244456901       1.943436546288413E-003
  0.930371966479941       1.917998692475870E-003
  0.932277224343403       1.892508343288988E-003
  0.934156965900627       1.866966196396033E-003
  0.936011139703333       1.841372950879317E-003
  0.937839695003025       1.815729307227014E-003
  0.939642581752383       1.790035967297699E-003
  0.941419750606632       1.764293634319208E-003
  0.943171152924892       1.738503012852364E-003
  0.944896740771509       1.712664808785215E-003
  0.946596466917370       1.686779729305218E-003
  0.948270284841193       1.660848482883966E-003
  0.949918148730798       1.634871779255402E-003
  0.951540013484366       1.608850329397941E-003
  0.953135834711672       1.582784845517547E-003
  0.954705568735295       1.556676041021572E-003
  0.956249172591822       1.530524630505855E-003
  0.957766604033016       1.504331329727192E-003
  0.959257821526978       1.478096855596901E-003
  0.960722784259279       1.451821926146870E-003
  0.962161452134082       1.425507260517074E-003
  0.963573785775235       1.399153578938019E-003
  0.964959746527352       1.372761602708391E-003
  0.966319296456869       1.346332054166114E-003
  0.967652398353083       1.319865656691168E-003
  0.968959015729169       1.293363134658717E-003
  0.970239112823184       1.266825213440762E-003
  0.971492654599038       1.240252619376563E-003
  0.972719606747457       1.213646079752451E-003
  0.973919935686926       1.187006322780675E-003
  0.975093608564598       1.160334077591206E-003
  0.976240593257205       1.133630074190388E-003
  0.977360858371929       1.106895043462384E-003
  0.978454373247262       1.080129717137563E-003
  0.979521107953850       1.053334827771509E-003
  0.980561033295310       1.026511108722097E-003
  0.981574120809025       9.996592941475930E-004
  0.982560342766930       9.727801189578208E-004
  0.983519672176266       9.458743188119518E-004
  0.984452082780323       9.189426300898793E-004
  0.985357549059154       8.919857898707542E-004
  0.986236046230279       8.650045359065394E-004
  0.987087550249359       8.379996066046775E-004
  0.987912037810860       8.109717409910453E-004
  0.988709486348685       7.839216786683495E-004
  0.989479874036492       7.568501729768969E-004
  0.990223179789438       7.297579422123382E-004
  0.990939383263126       7.026457380992238E-004
  0.991628464855201       6.755143027076655E-004
  0.992290405705638       6.483643786306227E-004
  0.992925187697261       6.211967089715787E-004
  0.993532793456241       5.940120373150455E-004
  0.994113206352580       5.668111077335880E-004
  0.994666410500565       5.395946647364180E-004
  0.995192390759217       5.123634532571349E-004
  0.995691132732711       4.851182186817368E-004
  0.996162622770789       4.578597067553353E-004
  0.996606847969156       4.305886636487337E-004
  0.997023796169862       4.033058358935772E-004
  0.997413455961692       3.760119704159565E-004
  0.997775816680553       3.487078145402549E-004
  0.998110868409900       3.213941160596008E-004
  0.998418601981219       2.940716232532941E-004
  0.998699008974657       2.667410852196200E-004
  0.998952081719947       2.394032521221046E-004
  0.999177813297967       2.120588762307332E-004
  0.999376197543752       1.847087136112830E-004
  0.999547229053108       1.573535326279804E-004
  0.999690903199410       1.299941245005021E-004
  0.999807216183633       1.026313698116811E-004
  0.999896165222442       7.526651167556084E-005
  0.999957749556843       4.790310785983922E-005
  0.999991981180133       2.057885378999318E-005
