  2.595977230124781E-002  5.190787763122067E-002
  7.780933394953672E-002  5.176794317491008E-002
  0.129449135396947       5.148845150097949E-002
  0.180739964873436       5.107015606984375E-002
  0.231543551376073       5.051418453244307E-002
  0.281722937423412       4.982203569027102E-002
  0.331142848268885       4.899557545478681E-002
  0.379670056577928       4.803703181703448E-002
  0.427173741585762       4.694898884088163E-002
  0.473525841767679       4.573437969577709E-002
  0.518601400071217       4.439647874719270E-002
  0.562278900753944       4.293889283593579E-002
  0.604440597048510       4.136555123558457E-002
  0.644972828489477       3.968069545238106E-002
  0.683766327381355       3.788886756924324E-002
  0.720716513355730       3.599489805108444E-002
  0.755723775306586       3.400389272494671E-002
  0.788693739932264       3.192121901929590E-002
  0.819537526162146       2.975249150078856E-002
  0.848171984785930       2.750355674992424E-002
  0.874519922646899       2.518047762151589E-002
  0.898510310810049       2.278951694395595E-002
  0.920078476177652       2.033712072908669E-002
  0.939166276116671       1.782990100990901E-002
  0.955722255839996       1.527461859678409E-002
  0.969701788765053       1.267816647681533E-002
  0.981067201752601       1.004755718220924E-002
  0.989787895222224       7.389931163226409E-003
  0.995840525118838       4.712729926955780E-003
  0.999210123227436       2.026811968864771E-003
