  7.834291139993510E-003  1.566826171594637E-002
  2.350095006145764E-002  1.566441506361088E-002
  3.916183935642225E-002  1.565672270354430E-002
  5.481311418495238E-002  1.564518652415307E-002
  7.045093206520935E-002  1.562980935763841E-002
  8.607145381911603E-002  1.561059497918702E-002
  0.101670844514898       1.558754810604393E-002
  0.117245274408583       1.556067439635482E-002
  0.132790919884223       1.552998044777660E-002
  0.148303964392622       1.549547379585776E-002
  0.163780599388311       1.545716291218834E-002
  0.179217025264580       1.541505720232003E-002
  0.194609452286296       1.536916700345733E-002
  0.209954101520310       1.531950358191910E-002
  0.225247205763205       1.526607913037330E-002
  0.240485010466171       1.520890676484336E-002
  0.255663774656764       1.514800052148786E-002
  0.270779771857342       1.508337535315495E-002
  0.285829290999935       1.501504712571099E-002
  0.300808637337335       1.494303261414580E-002
  0.315714133350177       1.486734949845395E-002
  0.330542119649797       1.478801635929429E-002
  0.345288955876627       1.470505267342847E-002
  0.359951021593931       1.461847880893882E-002
  0.374524717176641       1.452831602022874E-002
  0.389006464695087       1.443458644280337E-002
  0.403392708793400       1.433731308783649E-002
  0.417679917562375       1.423651983652012E-002
  0.431864583406573       1.413223143420226E-002
  0.445943223905458       1.402447348431120E-002
  0.459912382668354       1.391327244206997E-002
  0.473768630183006       1.379865560800188E-002
  0.487508564657549       1.368065112122704E-002
  0.501128812855668       1.355928795255519E-002
  0.514626030924744       1.343459589737171E-002
  0.527996905216797       1.330660556832489E-002
  0.541238153101998       1.317534838780813E-002
  0.554346523774582       1.304085658024674E-002
  0.567318799050935       1.290316316418637E-002
  0.580151794159680       1.276230194418694E-002
  0.592842358523556       1.261830750252317E-002
  0.605387376532908       1.247121519069415E-002
  0.617783768310579       1.232106112074575E-002
  0.630028490468048       1.216788215640209E-002
  0.642118536852596       1.201171590401877E-002
  0.654050939285332       1.185260070334679E-002
  0.665822768289902       1.169057561812454E-002
  0.677431133811695       1.152568042648035E-002
  0.688873185927365       1.135795561117536E-002
  0.700146115544503       1.118744234965675E-002
  0.711247155091294       1.101418250395308E-002
  0.722173579195964       1.083821861039686E-002
  0.732922705355879       1.065959386917864E-002
  0.743491894596117       1.047835213374288E-002
  0.753878552117349       1.029453790002449E-002
  0.764080127932883       1.010819629551805E-002
  0.774094117494696       9.919373068203112E-003
  0.783918062308318       9.728114575313706E-003
  0.793549550536409       9.534467771953402E-003
  0.802986217590878       9.338480199568018E-003
  0.812225746713406       9.140199974276718E-003
  0.821265869544223       8.939675775052914E-003
  0.830104366679006       8.736956831777972E-003
  0.838739068213756       8.532092913147615E-003
  0.847167854277526       8.325134314456155E-003
  0.855388655552860       8.116131845243436E-003
  0.863399453783828       7.905136816815660E-003
  0.871198282271521       7.692201029643483E-003
  0.878783226356889       7.477376760635052E-003
  0.886152423890808       7.260716750289722E-003
  0.893304065691251       7.042274189723894E-003
  0.900236395987459       6.822102707593490E-003
  0.906947712851001       6.600256356873710E-003
  0.913436368611241       6.376789635183266E-003
  0.919700770268663       6.151757348731764E-003
  0.925739379873608       5.925214769350451E-003
  0.931550714911637       5.697217514689788E-003
  0.937133348665679       5.467821559550486E-003
  0.942485910566323       5.237083222156845E-003
  0.947607086528342       5.005059150338651E-003
  0.952495619273355       4.771806307640128E-003
  0.957150308638566       4.537381959358445E-003
  0.961570011871511       4.301843658512611E-003
  0.965753643910745       4.065249231775746E-003
  0.969700177652438       3.827656765343826E-003
  0.973408644202831       3.589124590811836E-003
  0.976878133116566       3.349711271035451E-003
  0.980107792620924       3.109475586101836E-003
  0.983096829826096       2.868476519466581E-003
  0.985844510921786       2.626773244516215E-003
  0.988350161360761       2.384425112002143E-003
  0.990613166030674       2.141491639410073E-003
  0.992632969417194       1.898032504729713E-003
  0.994409075765736       1.654107550290076E-003
  0.995941049261011       1.409776827451211E-003
  0.997228514283380       1.165100714755144E-003
  0.998271155948911       9.201404593078221E-004
  0.999068721873153       6.749606344270303E-004
  0.999621031280936       4.296466304543764E-004
  0.999928071285070       1.845900974572015E-004
