   11.36930       15.74316       1.000000       725.0000    
   11.24071       14.51110       3.000000       709.0000    
   11.10970       13.28089       5.000000       693.0000    
   10.97532       12.05518       7.000000       677.0000    
   10.83688       10.83405       9.000000       661.0000    
   10.69559       9.613496       11.00000       645.0000    
   10.55084       8.398410       13.00000       630.0000    
   10.40299       7.188949       15.00000       616.0000    
   10.25263       5.979156       17.00000       602.0000    
   10.09848       4.771134       19.00000       587.0000    
   9.938135       3.568293       21.00000       570.5000    
   9.773057       2.370552       23.00000       553.5000    
   9.606004       1.174576       25.00000       537.0000    
   9.433732     -1.8602975E-02   27.00000       520.5000    
   9.252209      -1.207078       29.00000       503.5000    
   9.063826      -2.390253       31.00000       486.5000    
   8.871612      -3.568132       33.00000       469.5000    
   8.672733      -4.738692       35.00000       453.5000    
   8.466147      -5.901675       37.00000       438.0000    
   8.252172      -7.057315       39.00000       423.0000    
   8.031307      -8.203240       41.00000       409.5000    
   7.804090      -9.341105       43.00000       397.0000    
   7.570691      -10.47289       45.00000       385.0000    
   7.329997      -11.59792       47.00000       372.5000    
   7.077743      -12.72096       49.00000       357.5000    
   6.814240      -13.84391       51.00000       340.5000    
   6.541276      -14.95879       53.00000       322.0000    
   6.249256      -16.06702       55.00000       301.5000    
   5.937782      -17.15561       57.00000       282.5000    
   5.607885      -18.21132       59.00000       268.5000    
   5.262938      -19.24183       61.00000       257.5000    
   4.901812      -20.25484       63.00000       248.0000    
   4.532845      -21.25256       65.00000       240.0000    
   4.157566      -22.22800       67.00000       236.5000    
   3.773007      -23.18355       69.00000       235.0000    
   3.384638      -24.14983       71.00000       230.5000    
   2.988453      -25.11088       73.00000       225.5000    
   2.580467      -26.06456       75.00000       220.0000    
   2.164147      -27.01064       77.00000       214.0000    
   1.738957      -27.94964       79.00000       207.0000    
   1.296343      -28.88346       81.00000       198.5000    
  0.8331542      -29.80372       83.00000       189.0000    
  0.3473756      -30.70173       85.00000       180.0000    
 -0.1581623      -31.56948       87.00000       173.5000    
 -0.6819612      -32.40922       89.00000       169.0000    
  -1.218841      -33.22694       91.00000       165.5000    
  -1.765845      -34.02923       93.00000       163.0000    
  -2.317959      -34.81902       95.00000       162.0000    
  -2.869735      -35.59804       97.00000       162.5000    
  -3.415558      -36.36665       99.00000       166.5000    
  -3.949219      -37.15602       101.0000       167.5000    
  -4.473457      -38.00004       103.0000       162.5000    
  -5.015528      -38.82382       105.0000       157.5000    
  -5.587756      -39.61877       107.0000       152.5000    
  -6.173941      -40.40053       109.0000       147.5000    
  -6.785290      -41.15838       111.0000       142.5000    
  -7.590714      -42.42168       114.0000       134.5000    
  -8.922308      -42.50851       118.0000       123.0000    
  -10.34946      -42.48185       122.0000       121.0000    
  -11.76139      -42.33575       126.0000       130.0000    
  -13.05004      -42.30724       130.0000       138.5000    
  -14.23103      -42.41836       134.0000       144.0000    
  -15.28519      -41.30275       138.0000       146.5000    
  -16.22346      -40.72025       142.0000       143.5000    
  -17.03439      -40.37389       146.0000       137.0000    
