   11.36924       15.74285       1.000000       726.6000    
   11.24064       14.51083       3.000000       712.4000    
   11.10933       13.28062       5.000000       696.7000    
   10.97523       12.05487       7.000000       681.2000    
   10.83816       10.83375       9.000000       665.9000    
   10.69797       9.613209       11.00000       650.7000    
   10.55463       8.398160       13.00000       635.6500    
   10.40800       7.188760       15.00000       620.7000    
   10.25774       5.978987       17.00000       605.2000    
   10.10361       4.770914       19.00000       588.9000    
   9.945117       3.567926       21.00000       572.5000    
   9.782119       2.370131       23.00000       555.9000    
   9.614363       1.174128       25.00000       539.1000    
   9.441313     -1.8903542E-02   27.00000       522.2500    
   9.262773      -1.207161       29.00000       505.3500    
   9.078252      -2.390360       31.00000       488.4000    
   8.887415      -3.568320       33.00000       471.6500    
   8.689878      -4.739011       35.00000       454.9500    
   8.485024      -5.902015       37.00000       438.0000    
   8.272052      -7.057605       39.00000       420.7500    
   8.050303      -8.203474       41.00000       403.2500    
   7.819066      -9.341393       43.00000       385.9000    
   7.577350      -10.47322       45.00000       368.6500    
   7.324381      -11.59816       47.00000       351.7500    
   7.059845      -12.72126       49.00000       335.4000    
   6.781932      -13.84418       51.00000       318.7500    
   6.488164      -14.95910       53.00000       300.1000    
   6.175393      -16.06771       55.00000       279.6000    
   5.838706      -17.15614       57.00000       258.8000    
   5.477122      -18.21161       59.00000       242.9500    
   5.097049      -19.24212       61.00000       234.3000    
   4.708407      -20.25523       63.00000       232.7000    
   4.320863      -21.25304       65.00000       236.3000    
   3.939602      -22.22851       67.00000       240.1500    
   3.564130      -23.18408       69.00000       243.1000    
   3.192154      -24.15033       71.00000       243.9000    
   2.819851      -25.11121       73.00000       242.0500    
   2.443266      -26.06489       75.00000       237.7000    
   2.057444      -27.01098       77.00000       229.4500    
   1.656471      -27.94988       79.00000       219.3500    
   1.237600      -28.88372       81.00000       210.0000    
  0.8002102      -29.80406       83.00000       200.7000    
  0.3431140      -30.70197       85.00000       191.9500    
 -0.1329906      -31.56970       87.00000       185.1000    
 -0.6241144      -32.40937       89.00000       180.2500    
  -1.126756      -33.22714       91.00000       176.6000    
  -1.638608      -34.02952       93.00000       173.5500    
  -2.158403      -34.81933       95.00000       170.8000    
  -2.685506      -35.59837       97.00000       168.5000    
  -3.218380      -36.36697       99.00000       166.7500    
  -3.785799      -37.15635       101.0000       164.6000    
  -4.409760      -38.00040       103.0000       161.5500    
  -5.015525      -38.82423       105.0000       157.5000    
  -5.587748      -39.61904       107.0000       152.5000    
  -6.173927      -40.40066       109.0000       147.5000    
  -6.785290      -41.15870       111.0000       142.5000    
  -7.590695      -42.42202       114.0000       134.5000    
  -8.922308      -42.50898       118.0000       123.0000    
  -10.34946      -42.48216       122.0000       121.0000    
  -11.76139      -42.33610       126.0000       130.0000    
  -13.05004      -42.30751       130.0000       138.5000    
  -14.23103      -42.41870       134.0000       144.0000    
  -15.28519      -41.30263       138.0000       146.5000    
  -16.22346      -40.72031       142.0000       143.5000    
  -17.03439      -40.37386       146.0000       137.0000    
